2026/01/21-11:23:45.129971 48f8 RocksDB version: 8.1.1
2026/01/21-11:23:45.130539 48f8 Compile date 2023-04-06 16:38:52
2026/01/21-11:23:45.130555 48f8 DB SUMMARY
2026/01/21-11:23:45.130564 48f8 DB Session ID:  0610H256NIVJAM1EC1VW
2026/01/21-11:23:45.130919 48f8 CURRENT file:  CURRENT
2026/01/21-11:23:45.130931 48f8 IDENTITY file:  IDENTITY
2026/01/21-11:23:45.130961 48f8 MANIFEST file:  MANIFEST-000005 size: 789 Bytes
2026/01/21-11:23:45.130968 48f8 SST files in ./data/db dir, Total Num: 0, files: 
2026/01/21-11:23:45.130975 48f8 Write Ahead Log file in ./data/db: 000004.log size: 766 ; 
2026/01/21-11:23:45.130981 48f8                         Options.error_if_exists: 0
2026/01/21-11:23:45.130987 48f8                       Options.create_if_missing: 1
2026/01/21-11:23:45.133025 48f8                         Options.paranoid_checks: 1
2026/01/21-11:23:45.133034 48f8             Options.flush_verify_memtable_count: 1
2026/01/21-11:23:45.133037 48f8                               Options.track_and_verify_wals_in_manifest: 0
2026/01/21-11:23:45.133045 48f8        Options.verify_sst_unique_id_in_manifest: 1
2026/01/21-11:23:45.133047 48f8                                     Options.env: 000002751BEF8420
2026/01/21-11:23:45.133050 48f8                                      Options.fs: WinFS
2026/01/21-11:23:45.133052 48f8                                Options.info_log: 000002751BF2E240
2026/01/21-11:23:45.133054 48f8                Options.max_file_opening_threads: 16
2026/01/21-11:23:45.133056 48f8                              Options.statistics: 0000000000000000
2026/01/21-11:23:45.133059 48f8                               Options.use_fsync: 0
2026/01/21-11:23:45.133061 48f8                       Options.max_log_file_size: 0
2026/01/21-11:23:45.133063 48f8                  Options.max_manifest_file_size: 1073741824
2026/01/21-11:23:45.133066 48f8                   Options.log_file_time_to_roll: 0
2026/01/21-11:23:45.133068 48f8                       Options.keep_log_file_num: 1000
2026/01/21-11:23:45.133070 48f8                    Options.recycle_log_file_num: 0
2026/01/21-11:23:45.133072 48f8                         Options.allow_fallocate: 1
2026/01/21-11:23:45.133074 48f8                        Options.allow_mmap_reads: 0
2026/01/21-11:23:45.133077 48f8                       Options.allow_mmap_writes: 0
2026/01/21-11:23:45.133079 48f8                        Options.use_direct_reads: 0
2026/01/21-11:23:45.133081 48f8                        Options.use_direct_io_for_flush_and_compaction: 0
2026/01/21-11:23:45.133083 48f8          Options.create_missing_column_families: 1
2026/01/21-11:23:45.133085 48f8                              Options.db_log_dir: 
2026/01/21-11:23:45.133087 48f8                                 Options.wal_dir: 
2026/01/21-11:23:45.133089 48f8                Options.table_cache_numshardbits: 6
2026/01/21-11:23:45.133091 48f8                         Options.WAL_ttl_seconds: 0
2026/01/21-11:23:45.133094 48f8                       Options.WAL_size_limit_MB: 0
2026/01/21-11:23:45.133096 48f8                        Options.max_write_batch_group_size_bytes: 1048576
2026/01/21-11:23:45.133098 48f8             Options.manifest_preallocation_size: 4194304
2026/01/21-11:23:45.133100 48f8                     Options.is_fd_close_on_exec: 1
2026/01/21-11:23:45.133102 48f8                   Options.advise_random_on_open: 1
2026/01/21-11:23:45.133104 48f8                    Options.db_write_buffer_size: 0
2026/01/21-11:23:45.133106 48f8                    Options.write_buffer_manager: 000002751BF7AE70
2026/01/21-11:23:45.133109 48f8         Options.access_hint_on_compaction_start: 1
2026/01/21-11:23:45.133111 48f8           Options.random_access_max_buffer_size: 1048576
2026/01/21-11:23:45.133113 48f8                      Options.use_adaptive_mutex: 0
2026/01/21-11:23:45.133115 48f8                            Options.rate_limiter: 0000000000000000
2026/01/21-11:23:45.133119 48f8     Options.sst_file_manager.rate_bytes_per_sec: 0
2026/01/21-11:23:45.133121 48f8                       Options.wal_recovery_mode: 2
2026/01/21-11:23:45.133123 48f8                  Options.enable_thread_tracking: 0
2026/01/21-11:23:45.133153 48f8                  Options.enable_pipelined_write: 0
2026/01/21-11:23:45.133157 48f8                  Options.unordered_write: 0
2026/01/21-11:23:45.133159 48f8         Options.allow_concurrent_memtable_write: 1
2026/01/21-11:23:45.133161 48f8      Options.enable_write_thread_adaptive_yield: 1
2026/01/21-11:23:45.133164 48f8             Options.write_thread_max_yield_usec: 100
2026/01/21-11:23:45.133166 48f8            Options.write_thread_slow_yield_usec: 3
2026/01/21-11:23:45.133168 48f8                               Options.row_cache: None
2026/01/21-11:23:45.133170 48f8                              Options.wal_filter: None
2026/01/21-11:23:45.133172 48f8             Options.avoid_flush_during_recovery: 0
2026/01/21-11:23:45.133175 48f8             Options.allow_ingest_behind: 0
2026/01/21-11:23:45.133177 48f8             Options.two_write_queues: 0
2026/01/21-11:23:45.133179 48f8             Options.manual_wal_flush: 0
2026/01/21-11:23:45.133181 48f8             Options.wal_compression: 0
2026/01/21-11:23:45.133183 48f8             Options.atomic_flush: 0
2026/01/21-11:23:45.133185 48f8             Options.avoid_unnecessary_blocking_io: 0
2026/01/21-11:23:45.133187 48f8                 Options.persist_stats_to_disk: 0
2026/01/21-11:23:45.133189 48f8                 Options.write_dbid_to_manifest: 0
2026/01/21-11:23:45.133191 48f8                 Options.log_readahead_size: 0
2026/01/21-11:23:45.133194 48f8                 Options.file_checksum_gen_factory: Unknown
2026/01/21-11:23:45.133196 48f8                 Options.best_efforts_recovery: 0
2026/01/21-11:23:45.133198 48f8                Options.max_bgerror_resume_count: 2147483647
2026/01/21-11:23:45.133200 48f8            Options.bgerror_resume_retry_interval: 1000000
2026/01/21-11:23:45.133202 48f8             Options.allow_data_in_errors: 0
2026/01/21-11:23:45.133205 48f8             Options.db_host_id: __hostname__
2026/01/21-11:23:45.133207 48f8             Options.enforce_single_del_contracts: true
2026/01/21-11:23:45.133209 48f8             Options.max_background_jobs: 2
2026/01/21-11:23:45.133211 48f8             Options.max_background_compactions: -1
2026/01/21-11:23:45.133213 48f8             Options.max_subcompactions: 1
2026/01/21-11:23:45.133215 48f8             Options.avoid_flush_during_shutdown: 0
2026/01/21-11:23:45.133218 48f8           Options.writable_file_max_buffer_size: 1048576
2026/01/21-11:23:45.133220 48f8             Options.delayed_write_rate : 16777216
2026/01/21-11:23:45.133222 48f8             Options.max_total_wal_size: 0
2026/01/21-11:23:45.133224 48f8             Options.delete_obsolete_files_period_micros: 21600000000
2026/01/21-11:23:45.133226 48f8                   Options.stats_dump_period_sec: 600
2026/01/21-11:23:45.133228 48f8                 Options.stats_persist_period_sec: 600
2026/01/21-11:23:45.133231 48f8                 Options.stats_history_buffer_size: 1048576
2026/01/21-11:23:45.133233 48f8                          Options.max_open_files: 10000
2026/01/21-11:23:45.133235 48f8                          Options.bytes_per_sync: 0
2026/01/21-11:23:45.133237 48f8                      Options.wal_bytes_per_sync: 0
2026/01/21-11:23:45.133239 48f8                   Options.strict_bytes_per_sync: 0
2026/01/21-11:23:45.133241 48f8       Options.compaction_readahead_size: 0
2026/01/21-11:23:45.133243 48f8                  Options.max_background_flushes: -1
2026/01/21-11:23:45.133248 48f8 Compression algorithms supported:
2026/01/21-11:23:45.133253 48f8 	kZSTD supported: 1
2026/01/21-11:23:45.133255 48f8 	kSnappyCompression supported: 1
2026/01/21-11:23:45.133257 48f8 	kBZip2Compression supported: 1
2026/01/21-11:23:45.133259 48f8 	kZlibCompression supported: 1
2026/01/21-11:23:45.133262 48f8 	kLZ4Compression supported: 1
2026/01/21-11:23:45.133264 48f8 	kXpressCompression supported: 0
2026/01/21-11:23:45.133266 48f8 	kLZ4HCCompression supported: 1
2026/01/21-11:23:45.133268 48f8 	kZSTDNotFinalCompression supported: 1
2026/01/21-11:23:45.133273 48f8 Fast CRC32 supported: Not supported on x86
2026/01/21-11:23:45.133289 48f8 DMutex implementation: std::mutex
2026/01/21-11:23:45.133876 48f8 [db/version_set.cc:5662] Recovering from manifest file: ./data/db/MANIFEST-000005
2026/01/21-11:23:45.134045 48f8 [db/column_family.cc:621] --------------- Options for column family [default]:
2026/01/21-11:23:45.134053 48f8               Options.comparator: leveldb.BytewiseComparator
2026/01/21-11:23:45.134055 48f8           Options.merge_operator: None
2026/01/21-11:23:45.134058 48f8        Options.compaction_filter: None
2026/01/21-11:23:45.134060 48f8        Options.compaction_filter_factory: None
2026/01/21-11:23:45.134062 48f8  Options.sst_partitioner_factory: None
2026/01/21-11:23:45.134064 48f8         Options.memtable_factory: SkipListFactory
2026/01/21-11:23:45.134066 48f8            Options.table_factory: BlockBasedTable
2026/01/21-11:23:45.134096 48f8            table_factory options:   flush_block_policy_factory: FlushBlockBySizePolicyFactory (000002751BF6E3A0)
  cache_index_and_filter_blocks: 0
  cache_index_and_filter_blocks_with_high_priority: 1
  pin_l0_filter_and_index_blocks_in_cache: 0
  pin_top_level_index_and_filter: 1
  index_type: 0
  data_block_index_type: 0
  index_shortening: 1
  data_block_hash_table_util_ratio: 0.750000
  checksum: 4
  no_block_cache: 0
  block_cache: 000002751BF6F0F0
  block_cache_name: LRUCache
  block_cache_options:
    capacity : 8388608
    num_shard_bits : 4
    strict_capacity_limit : 0
    memory_allocator : None
    high_pri_pool_ratio: 0.000
    low_pri_pool_ratio: 0.000
  persistent_cache: 0000000000000000
  block_size: 4096
  block_size_deviation: 10
  block_restart_interval: 16
  index_block_restart_interval: 1
  metadata_block_size: 4096
  partition_filters: 0
  use_delta_encoding: 1
  filter_policy: nullptr
  whole_key_filtering: 1
  verify_compression: 0
  read_amp_bytes_per_bit: 0
  format_version: 5
  enable_index_compression: 1
  block_align: 0
  max_auto_readahead_size: 262144
  prepopulate_block_cache: 0
  initial_auto_readahead_size: 8192
  num_file_reads_for_auto_readahead: 2
2026/01/21-11:23:45.134099 48f8        Options.write_buffer_size: 67108864
2026/01/21-11:23:45.134101 48f8  Options.max_write_buffer_number: 2
2026/01/21-11:23:45.134104 48f8          Options.compression: Snappy
2026/01/21-11:23:45.134106 48f8                  Options.bottommost_compression: Disabled
2026/01/21-11:23:45.134108 48f8       Options.prefix_extractor: nullptr
2026/01/21-11:23:45.134110 48f8   Options.memtable_insert_with_hint_prefix_extractor: nullptr
2026/01/21-11:23:45.134112 48f8             Options.num_levels: 7
2026/01/21-11:23:45.134114 48f8        Options.min_write_buffer_number_to_merge: 1
2026/01/21-11:23:45.134117 48f8     Options.max_write_buffer_number_to_maintain: 0
2026/01/21-11:23:45.134119 48f8     Options.max_write_buffer_size_to_maintain: 0
2026/01/21-11:23:45.134121 48f8            Options.bottommost_compression_opts.window_bits: -14
2026/01/21-11:23:45.134123 48f8                  Options.bottommost_compression_opts.level: 32767
2026/01/21-11:23:45.134125 48f8               Options.bottommost_compression_opts.strategy: 0
2026/01/21-11:23:45.134127 48f8         Options.bottommost_compression_opts.max_dict_bytes: 0
2026/01/21-11:23:45.134130 48f8         Options.bottommost_compression_opts.zstd_max_train_bytes: 0
2026/01/21-11:23:45.134132 48f8         Options.bottommost_compression_opts.parallel_threads: 1
2026/01/21-11:23:45.134134 48f8                  Options.bottommost_compression_opts.enabled: false
2026/01/21-11:23:45.134136 48f8         Options.bottommost_compression_opts.max_dict_buffer_bytes: 0
2026/01/21-11:23:45.134138 48f8         Options.bottommost_compression_opts.use_zstd_dict_trainer: true
2026/01/21-11:23:45.134141 48f8            Options.compression_opts.window_bits: -14
2026/01/21-11:23:45.134143 48f8                  Options.compression_opts.level: 32767
2026/01/21-11:23:45.134145 48f8               Options.compression_opts.strategy: 0
2026/01/21-11:23:45.134147 48f8         Options.compression_opts.max_dict_bytes: 0
2026/01/21-11:23:45.134151 48f8         Options.compression_opts.zstd_max_train_bytes: 0
2026/01/21-11:23:45.134155 48f8         Options.compression_opts.use_zstd_dict_trainer: true
2026/01/21-11:23:45.134157 48f8         Options.compression_opts.parallel_threads: 1
2026/01/21-11:23:45.134159 48f8                  Options.compression_opts.enabled: false
2026/01/21-11:23:45.134161 48f8         Options.compression_opts.max_dict_buffer_bytes: 0
2026/01/21-11:23:45.134163 48f8      Options.level0_file_num_compaction_trigger: 4
2026/01/21-11:23:45.134167 48f8          Options.level0_slowdown_writes_trigger: 20
2026/01/21-11:23:45.134169 48f8              Options.level0_stop_writes_trigger: 36
2026/01/21-11:23:45.134171 48f8                   Options.target_file_size_base: 67108864
2026/01/21-11:23:45.134173 48f8             Options.target_file_size_multiplier: 1
2026/01/21-11:23:45.134175 48f8                Options.max_bytes_for_level_base: 268435456
2026/01/21-11:23:45.134178 48f8 Options.level_compaction_dynamic_level_bytes: 0
2026/01/21-11:23:45.134180 48f8          Options.max_bytes_for_level_multiplier: 10.000000
2026/01/21-11:23:45.134182 48f8 Options.max_bytes_for_level_multiplier_addtl[0]: 1
2026/01/21-11:23:45.134185 48f8 Options.max_bytes_for_level_multiplier_addtl[1]: 1
2026/01/21-11:23:45.134187 48f8 Options.max_bytes_for_level_multiplier_addtl[2]: 1
2026/01/21-11:23:45.134189 48f8 Options.max_bytes_for_level_multiplier_addtl[3]: 1
2026/01/21-11:23:45.134191 48f8 Options.max_bytes_for_level_multiplier_addtl[4]: 1
2026/01/21-11:23:45.134193 48f8 Options.max_bytes_for_level_multiplier_addtl[5]: 1
2026/01/21-11:23:45.134195 48f8 Options.max_bytes_for_level_multiplier_addtl[6]: 1
2026/01/21-11:23:45.134197 48f8       Options.max_sequential_skip_in_iterations: 8
2026/01/21-11:23:45.134200 48f8                    Options.max_compaction_bytes: 1677721600
2026/01/21-11:23:45.134202 48f8   Options.ignore_max_compaction_bytes_for_input: true
2026/01/21-11:23:45.134204 48f8                        Options.arena_block_size: 1048576
2026/01/21-11:23:45.134206 48f8   Options.soft_pending_compaction_bytes_limit: 68719476736
2026/01/21-11:23:45.134208 48f8   Options.hard_pending_compaction_bytes_limit: 274877906944
2026/01/21-11:23:45.134211 48f8                Options.disable_auto_compactions: 0
2026/01/21-11:23:45.134213 48f8                        Options.compaction_style: kCompactionStyleLevel
2026/01/21-11:23:45.134216 48f8                          Options.compaction_pri: kMinOverlappingRatio
2026/01/21-11:23:45.134218 48f8 Options.compaction_options_universal.size_ratio: 1
2026/01/21-11:23:45.134220 48f8 Options.compaction_options_universal.min_merge_width: 2
2026/01/21-11:23:45.134222 48f8 Options.compaction_options_universal.max_merge_width: 4294967295
2026/01/21-11:23:45.134225 48f8 Options.compaction_options_universal.max_size_amplification_percent: 200
2026/01/21-11:23:45.134227 48f8 Options.compaction_options_universal.compression_size_percent: -1
2026/01/21-11:23:45.134229 48f8 Options.compaction_options_universal.stop_style: kCompactionStopStyleTotalSize
2026/01/21-11:23:45.134232 48f8 Options.compaction_options_fifo.max_table_files_size: 1073741824
2026/01/21-11:23:45.134234 48f8 Options.compaction_options_fifo.allow_compaction: 0
2026/01/21-11:23:45.134237 48f8                   Options.table_properties_collectors: 
2026/01/21-11:23:45.134239 48f8                   Options.inplace_update_support: 0
2026/01/21-11:23:45.134241 48f8                 Options.inplace_update_num_locks: 10000
2026/01/21-11:23:45.134244 48f8               Options.memtable_prefix_bloom_size_ratio: 0.000000
2026/01/21-11:23:45.134246 48f8               Options.memtable_whole_key_filtering: 0
2026/01/21-11:23:45.134248 48f8   Options.memtable_huge_page_size: 0
2026/01/21-11:23:45.134250 48f8                           Options.bloom_locality: 0
2026/01/21-11:23:45.134252 48f8                    Options.max_successive_merges: 0
2026/01/21-11:23:45.134254 48f8                Options.optimize_filters_for_hits: 0
2026/01/21-11:23:45.134281 48f8                Options.paranoid_file_checks: 0
2026/01/21-11:23:45.134284 48f8                Options.force_consistency_checks: 1
2026/01/21-11:23:45.134286 48f8                Options.report_bg_io_stats: 0
2026/01/21-11:23:45.134288 48f8                               Options.ttl: 2592000
2026/01/21-11:23:45.134290 48f8          Options.periodic_compaction_seconds: 0
2026/01/21-11:23:45.134292 48f8  Options.preclude_last_level_data_seconds: 0
2026/01/21-11:23:45.134294 48f8    Options.preserve_internal_time_seconds: 0
2026/01/21-11:23:45.134296 48f8                       Options.enable_blob_files: false
2026/01/21-11:23:45.134298 48f8                           Options.min_blob_size: 0
2026/01/21-11:23:45.134301 48f8                          Options.blob_file_size: 268435456
2026/01/21-11:23:45.134303 48f8                   Options.blob_compression_type: NoCompression
2026/01/21-11:23:45.134305 48f8          Options.enable_blob_garbage_collection: false
2026/01/21-11:23:45.134307 48f8      Options.blob_garbage_collection_age_cutoff: 0.250000
2026/01/21-11:23:45.134310 48f8 Options.blob_garbage_collection_force_threshold: 1.000000
2026/01/21-11:23:45.134312 48f8          Options.blob_compaction_readahead_size: 0
2026/01/21-11:23:45.134314 48f8                Options.blob_file_starting_level: 0
2026/01/21-11:23:45.134317 48f8 Options.experimental_mempurge_threshold: 0.000000
2026/01/21-11:23:45.134455 48f8 [db/column_family.cc:621] --------------- Options for column family [blocks]:
2026/01/21-11:23:45.134459 48f8               Options.comparator: leveldb.BytewiseComparator
2026/01/21-11:23:45.134462 48f8           Options.merge_operator: None
2026/01/21-11:23:45.134464 48f8        Options.compaction_filter: None
2026/01/21-11:23:45.134466 48f8        Options.compaction_filter_factory: None
2026/01/21-11:23:45.134468 48f8  Options.sst_partitioner_factory: None
2026/01/21-11:23:45.134470 48f8         Options.memtable_factory: SkipListFactory
2026/01/21-11:23:45.134472 48f8            Options.table_factory: BlockBasedTable
2026/01/21-11:23:45.134489 48f8            table_factory options:   flush_block_policy_factory: FlushBlockBySizePolicyFactory (000002751BF3AB10)
  cache_index_and_filter_blocks: 0
  cache_index_and_filter_blocks_with_high_priority: 1
  pin_l0_filter_and_index_blocks_in_cache: 0
  pin_top_level_index_and_filter: 1
  index_type: 0
  data_block_index_type: 0
  index_shortening: 1
  data_block_hash_table_util_ratio: 0.750000
  checksum: 4
  no_block_cache: 0
  block_cache: 000002751BF3B2F0
  block_cache_name: LRUCache
  block_cache_options:
    capacity : 8388608
    num_shard_bits : 4
    strict_capacity_limit : 0
    memory_allocator : None
    high_pri_pool_ratio: 0.000
    low_pri_pool_ratio: 0.000
  persistent_cache: 0000000000000000
  block_size: 4096
  block_size_deviation: 10
  block_restart_interval: 16
  index_block_restart_interval: 1
  metadata_block_size: 4096
  partition_filters: 0
  use_delta_encoding: 1
  filter_policy: nullptr
  whole_key_filtering: 1
  verify_compression: 0
  read_amp_bytes_per_bit: 0
  format_version: 5
  enable_index_compression: 1
  block_align: 0
  max_auto_readahead_size: 262144
  prepopulate_block_cache: 0
  initial_auto_readahead_size: 8192
  num_file_reads_for_auto_readahead: 2
2026/01/21-11:23:45.134492 48f8        Options.write_buffer_size: 67108864
2026/01/21-11:23:45.134494 48f8  Options.max_write_buffer_number: 2
2026/01/21-11:23:45.134496 48f8          Options.compression: Snappy
2026/01/21-11:23:45.134498 48f8                  Options.bottommost_compression: Disabled
2026/01/21-11:23:45.134501 48f8       Options.prefix_extractor: nullptr
2026/01/21-11:23:45.134503 48f8   Options.memtable_insert_with_hint_prefix_extractor: nullptr
2026/01/21-11:23:45.134505 48f8             Options.num_levels: 7
2026/01/21-11:23:45.134507 48f8        Options.min_write_buffer_number_to_merge: 1
2026/01/21-11:23:45.134509 48f8     Options.max_write_buffer_number_to_maintain: 0
2026/01/21-11:23:45.134511 48f8     Options.max_write_buffer_size_to_maintain: 0
2026/01/21-11:23:45.134515 48f8            Options.bottommost_compression_opts.window_bits: -14
2026/01/21-11:23:45.134517 48f8                  Options.bottommost_compression_opts.level: 32767
2026/01/21-11:23:45.134519 48f8               Options.bottommost_compression_opts.strategy: 0
2026/01/21-11:23:45.134522 48f8         Options.bottommost_compression_opts.max_dict_bytes: 0
2026/01/21-11:23:45.134524 48f8         Options.bottommost_compression_opts.zstd_max_train_bytes: 0
2026/01/21-11:23:45.134526 48f8         Options.bottommost_compression_opts.parallel_threads: 1
2026/01/21-11:23:45.134528 48f8                  Options.bottommost_compression_opts.enabled: false
2026/01/21-11:23:45.134530 48f8         Options.bottommost_compression_opts.max_dict_buffer_bytes: 0
2026/01/21-11:23:45.134532 48f8         Options.bottommost_compression_opts.use_zstd_dict_trainer: true
2026/01/21-11:23:45.134535 48f8            Options.compression_opts.window_bits: -14
2026/01/21-11:23:45.134537 48f8                  Options.compression_opts.level: 32767
2026/01/21-11:23:45.134539 48f8               Options.compression_opts.strategy: 0
2026/01/21-11:23:45.134541 48f8         Options.compression_opts.max_dict_bytes: 0
2026/01/21-11:23:45.134543 48f8         Options.compression_opts.zstd_max_train_bytes: 0
2026/01/21-11:23:45.134545 48f8         Options.compression_opts.use_zstd_dict_trainer: true
2026/01/21-11:23:45.134547 48f8         Options.compression_opts.parallel_threads: 1
2026/01/21-11:23:45.134549 48f8                  Options.compression_opts.enabled: false
2026/01/21-11:23:45.134552 48f8         Options.compression_opts.max_dict_buffer_bytes: 0
2026/01/21-11:23:45.134554 48f8      Options.level0_file_num_compaction_trigger: 4
2026/01/21-11:23:45.134556 48f8          Options.level0_slowdown_writes_trigger: 20
2026/01/21-11:23:45.134558 48f8              Options.level0_stop_writes_trigger: 36
2026/01/21-11:23:45.134560 48f8                   Options.target_file_size_base: 67108864
2026/01/21-11:23:45.134562 48f8             Options.target_file_size_multiplier: 1
2026/01/21-11:23:45.134565 48f8                Options.max_bytes_for_level_base: 268435456
2026/01/21-11:23:45.134567 48f8 Options.level_compaction_dynamic_level_bytes: 0
2026/01/21-11:23:45.134569 48f8          Options.max_bytes_for_level_multiplier: 10.000000
2026/01/21-11:23:45.134571 48f8 Options.max_bytes_for_level_multiplier_addtl[0]: 1
2026/01/21-11:23:45.134573 48f8 Options.max_bytes_for_level_multiplier_addtl[1]: 1
2026/01/21-11:23:45.134576 48f8 Options.max_bytes_for_level_multiplier_addtl[2]: 1
2026/01/21-11:23:45.134578 48f8 Options.max_bytes_for_level_multiplier_addtl[3]: 1
2026/01/21-11:23:45.134580 48f8 Options.max_bytes_for_level_multiplier_addtl[4]: 1
2026/01/21-11:23:45.134582 48f8 Options.max_bytes_for_level_multiplier_addtl[5]: 1
2026/01/21-11:23:45.134584 48f8 Options.max_bytes_for_level_multiplier_addtl[6]: 1
2026/01/21-11:23:45.134586 48f8       Options.max_sequential_skip_in_iterations: 8
2026/01/21-11:23:45.134588 48f8                    Options.max_compaction_bytes: 1677721600
2026/01/21-11:23:45.134591 48f8   Options.ignore_max_compaction_bytes_for_input: true
2026/01/21-11:23:45.134593 48f8                        Options.arena_block_size: 1048576
2026/01/21-11:23:45.134595 48f8   Options.soft_pending_compaction_bytes_limit: 68719476736
2026/01/21-11:23:45.134597 48f8   Options.hard_pending_compaction_bytes_limit: 274877906944
2026/01/21-11:23:45.134599 48f8                Options.disable_auto_compactions: 0
2026/01/21-11:23:45.134602 48f8                        Options.compaction_style: kCompactionStyleLevel
2026/01/21-11:23:45.134604 48f8                          Options.compaction_pri: kMinOverlappingRatio
2026/01/21-11:23:45.134606 48f8 Options.compaction_options_universal.size_ratio: 1
2026/01/21-11:23:45.134608 48f8 Options.compaction_options_universal.min_merge_width: 2
2026/01/21-11:23:45.134610 48f8 Options.compaction_options_universal.max_merge_width: 4294967295
2026/01/21-11:23:45.134613 48f8 Options.compaction_options_universal.max_size_amplification_percent: 200
2026/01/21-11:23:45.134616 48f8 Options.compaction_options_universal.compression_size_percent: -1
2026/01/21-11:23:45.134619 48f8 Options.compaction_options_universal.stop_style: kCompactionStopStyleTotalSize
2026/01/21-11:23:45.134621 48f8 Options.compaction_options_fifo.max_table_files_size: 1073741824
2026/01/21-11:23:45.134623 48f8 Options.compaction_options_fifo.allow_compaction: 0
2026/01/21-11:23:45.134626 48f8                   Options.table_properties_collectors: 
2026/01/21-11:23:45.134628 48f8                   Options.inplace_update_support: 0
2026/01/21-11:23:45.134630 48f8                 Options.inplace_update_num_locks: 10000
2026/01/21-11:23:45.134632 48f8               Options.memtable_prefix_bloom_size_ratio: 0.000000
2026/01/21-11:23:45.134634 48f8               Options.memtable_whole_key_filtering: 0
2026/01/21-11:23:45.134636 48f8   Options.memtable_huge_page_size: 0
2026/01/21-11:23:45.134638 48f8                           Options.bloom_locality: 0
2026/01/21-11:23:45.134641 48f8                    Options.max_successive_merges: 0
2026/01/21-11:23:45.134643 48f8                Options.optimize_filters_for_hits: 0
2026/01/21-11:23:45.134645 48f8                Options.paranoid_file_checks: 0
2026/01/21-11:23:45.134647 48f8                Options.force_consistency_checks: 1
2026/01/21-11:23:45.134649 48f8                Options.report_bg_io_stats: 0
2026/01/21-11:23:45.134651 48f8                               Options.ttl: 2592000
2026/01/21-11:23:45.134653 48f8          Options.periodic_compaction_seconds: 0
2026/01/21-11:23:45.134655 48f8  Options.preclude_last_level_data_seconds: 0
2026/01/21-11:23:45.134657 48f8    Options.preserve_internal_time_seconds: 0
2026/01/21-11:23:45.134659 48f8                       Options.enable_blob_files: false
2026/01/21-11:23:45.134661 48f8                           Options.min_blob_size: 0
2026/01/21-11:23:45.134663 48f8                          Options.blob_file_size: 268435456
2026/01/21-11:23:45.134666 48f8                   Options.blob_compression_type: NoCompression
2026/01/21-11:23:45.134668 48f8          Options.enable_blob_garbage_collection: false
2026/01/21-11:23:45.134670 48f8      Options.blob_garbage_collection_age_cutoff: 0.250000
2026/01/21-11:23:45.134672 48f8 Options.blob_garbage_collection_force_threshold: 1.000000
2026/01/21-11:23:45.134675 48f8          Options.blob_compaction_readahead_size: 0
2026/01/21-11:23:45.134677 48f8                Options.blob_file_starting_level: 0
2026/01/21-11:23:45.134679 48f8 Options.experimental_mempurge_threshold: 0.000000
2026/01/21-11:23:45.134719 48f8 [db/column_family.cc:621] --------------- Options for column family [headers]:
2026/01/21-11:23:45.134722 48f8               Options.comparator: leveldb.BytewiseComparator
2026/01/21-11:23:45.134724 48f8           Options.merge_operator: None
2026/01/21-11:23:45.134726 48f8        Options.compaction_filter: None
2026/01/21-11:23:45.134728 48f8        Options.compaction_filter_factory: None
2026/01/21-11:23:45.134730 48f8  Options.sst_partitioner_factory: None
2026/01/21-11:23:45.134733 48f8         Options.memtable_factory: SkipListFactory
2026/01/21-11:23:45.134735 48f8            Options.table_factory: BlockBasedTable
2026/01/21-11:23:45.134792 48f8            table_factory options:   flush_block_policy_factory: FlushBlockBySizePolicyFactory (000002751BF3AAE0)
  cache_index_and_filter_blocks: 0
  cache_index_and_filter_blocks_with_high_priority: 1
  pin_l0_filter_and_index_blocks_in_cache: 0
  pin_top_level_index_and_filter: 1
  index_type: 0
  data_block_index_type: 0
  index_shortening: 1
  data_block_hash_table_util_ratio: 0.750000
  checksum: 4
  no_block_cache: 0
  block_cache: 000002751BF4CA60
  block_cache_name: LRUCache
  block_cache_options:
    capacity : 8388608
    num_shard_bits : 4
    strict_capacity_limit : 0
    memory_allocator : None
    high_pri_pool_ratio: 0.000
    low_pri_pool_ratio: 0.000
  persistent_cache: 0000000000000000
  block_size: 4096
  block_size_deviation: 10
  block_restart_interval: 16
  index_block_restart_interval: 1
  metadata_block_size: 4096
  partition_filters: 0
  use_delta_encoding: 1
  filter_policy: nullptr
  whole_key_filtering: 1
  verify_compression: 0
  read_amp_bytes_per_bit: 0
  format_version: 5
  enable_index_compression: 1
  block_align: 0
  max_auto_readahead_size: 262144
  prepopulate_block_cache: 0
  initial_auto_readahead_size: 8192
  num_file_reads_for_auto_readahead: 2
2026/01/21-11:23:45.134851 48f8        Options.write_buffer_size: 67108864
2026/01/21-11:23:45.134877 48f8  Options.max_write_buffer_number: 2
2026/01/21-11:23:45.134884 48f8          Options.compression: Snappy
2026/01/21-11:23:45.134887 48f8                  Options.bottommost_compression: Disabled
2026/01/21-11:23:45.134889 48f8       Options.prefix_extractor: nullptr
2026/01/21-11:23:45.134892 48f8   Options.memtable_insert_with_hint_prefix_extractor: nullptr
2026/01/21-11:23:45.134894 48f8             Options.num_levels: 7
2026/01/21-11:23:45.134896 48f8        Options.min_write_buffer_number_to_merge: 1
2026/01/21-11:23:45.134899 48f8     Options.max_write_buffer_number_to_maintain: 0
2026/01/21-11:23:45.134901 48f8     Options.max_write_buffer_size_to_maintain: 0
2026/01/21-11:23:45.134903 48f8            Options.bottommost_compression_opts.window_bits: -14
2026/01/21-11:23:45.134905 48f8                  Options.bottommost_compression_opts.level: 32767
2026/01/21-11:23:45.134908 48f8               Options.bottommost_compression_opts.strategy: 0
2026/01/21-11:23:45.134910 48f8         Options.bottommost_compression_opts.max_dict_bytes: 0
2026/01/21-11:23:45.134912 48f8         Options.bottommost_compression_opts.zstd_max_train_bytes: 0
2026/01/21-11:23:45.134914 48f8         Options.bottommost_compression_opts.parallel_threads: 1
2026/01/21-11:23:45.134917 48f8                  Options.bottommost_compression_opts.enabled: false
2026/01/21-11:23:45.134919 48f8         Options.bottommost_compression_opts.max_dict_buffer_bytes: 0
2026/01/21-11:23:45.134921 48f8         Options.bottommost_compression_opts.use_zstd_dict_trainer: true
2026/01/21-11:23:45.134923 48f8            Options.compression_opts.window_bits: -14
2026/01/21-11:23:45.134925 48f8                  Options.compression_opts.level: 32767
2026/01/21-11:23:45.134928 48f8               Options.compression_opts.strategy: 0
2026/01/21-11:23:45.134930 48f8         Options.compression_opts.max_dict_bytes: 0
2026/01/21-11:23:45.134932 48f8         Options.compression_opts.zstd_max_train_bytes: 0
2026/01/21-11:23:45.134934 48f8         Options.compression_opts.use_zstd_dict_trainer: true
2026/01/21-11:23:45.134936 48f8         Options.compression_opts.parallel_threads: 1
2026/01/21-11:23:45.134938 48f8                  Options.compression_opts.enabled: false
2026/01/21-11:23:45.134940 48f8         Options.compression_opts.max_dict_buffer_bytes: 0
2026/01/21-11:23:45.134943 48f8      Options.level0_file_num_compaction_trigger: 4
2026/01/21-11:23:45.134945 48f8          Options.level0_slowdown_writes_trigger: 20
2026/01/21-11:23:45.134947 48f8              Options.level0_stop_writes_trigger: 36
2026/01/21-11:23:45.134949 48f8                   Options.target_file_size_base: 67108864
2026/01/21-11:23:45.134951 48f8             Options.target_file_size_multiplier: 1
2026/01/21-11:23:45.134953 48f8                Options.max_bytes_for_level_base: 268435456
2026/01/21-11:23:45.134955 48f8 Options.level_compaction_dynamic_level_bytes: 0
2026/01/21-11:23:45.134958 48f8          Options.max_bytes_for_level_multiplier: 10.000000
2026/01/21-11:23:45.134961 48f8 Options.max_bytes_for_level_multiplier_addtl[0]: 1
2026/01/21-11:23:45.134963 48f8 Options.max_bytes_for_level_multiplier_addtl[1]: 1
2026/01/21-11:23:45.134966 48f8 Options.max_bytes_for_level_multiplier_addtl[2]: 1
2026/01/21-11:23:45.134968 48f8 Options.max_bytes_for_level_multiplier_addtl[3]: 1
2026/01/21-11:23:45.134970 48f8 Options.max_bytes_for_level_multiplier_addtl[4]: 1
2026/01/21-11:23:45.134972 48f8 Options.max_bytes_for_level_multiplier_addtl[5]: 1
2026/01/21-11:23:45.134974 48f8 Options.max_bytes_for_level_multiplier_addtl[6]: 1
2026/01/21-11:23:45.135006 48f8       Options.max_sequential_skip_in_iterations: 8
2026/01/21-11:23:45.135009 48f8                    Options.max_compaction_bytes: 1677721600
2026/01/21-11:23:45.135012 48f8   Options.ignore_max_compaction_bytes_for_input: true
2026/01/21-11:23:45.135014 48f8                        Options.arena_block_size: 1048576
2026/01/21-11:23:45.135016 48f8   Options.soft_pending_compaction_bytes_limit: 68719476736
2026/01/21-11:23:45.135018 48f8   Options.hard_pending_compaction_bytes_limit: 274877906944
2026/01/21-11:23:45.135020 48f8                Options.disable_auto_compactions: 0
2026/01/21-11:23:45.135024 48f8                        Options.compaction_style: kCompactionStyleLevel
2026/01/21-11:23:45.135026 48f8                          Options.compaction_pri: kMinOverlappingRatio
2026/01/21-11:23:45.135028 48f8 Options.compaction_options_universal.size_ratio: 1
2026/01/21-11:23:45.135031 48f8 Options.compaction_options_universal.min_merge_width: 2
2026/01/21-11:23:45.135033 48f8 Options.compaction_options_universal.max_merge_width: 4294967295
2026/01/21-11:23:45.135035 48f8 Options.compaction_options_universal.max_size_amplification_percent: 200
2026/01/21-11:23:45.135037 48f8 Options.compaction_options_universal.compression_size_percent: -1
2026/01/21-11:23:45.135040 48f8 Options.compaction_options_universal.stop_style: kCompactionStopStyleTotalSize
2026/01/21-11:23:45.135042 48f8 Options.compaction_options_fifo.max_table_files_size: 1073741824
2026/01/21-11:23:45.135044 48f8 Options.compaction_options_fifo.allow_compaction: 0
2026/01/21-11:23:45.135048 48f8                   Options.table_properties_collectors: 
2026/01/21-11:23:45.135050 48f8                   Options.inplace_update_support: 0
2026/01/21-11:23:45.135052 48f8                 Options.inplace_update_num_locks: 10000
2026/01/21-11:23:45.135055 48f8               Options.memtable_prefix_bloom_size_ratio: 0.000000
2026/01/21-11:23:45.135057 48f8               Options.memtable_whole_key_filtering: 0
2026/01/21-11:23:45.135059 48f8   Options.memtable_huge_page_size: 0
2026/01/21-11:23:45.135061 48f8                           Options.bloom_locality: 0
2026/01/21-11:23:45.135064 48f8                    Options.max_successive_merges: 0
2026/01/21-11:23:45.135066 48f8                Options.optimize_filters_for_hits: 0
2026/01/21-11:23:45.135068 48f8                Options.paranoid_file_checks: 0
2026/01/21-11:23:45.135070 48f8                Options.force_consistency_checks: 1
2026/01/21-11:23:45.135072 48f8                Options.report_bg_io_stats: 0
2026/01/21-11:23:45.135075 48f8                               Options.ttl: 2592000
2026/01/21-11:23:45.135096 48f8          Options.periodic_compaction_seconds: 0
2026/01/21-11:23:45.135099 48f8  Options.preclude_last_level_data_seconds: 0
2026/01/21-11:23:45.135102 48f8    Options.preserve_internal_time_seconds: 0
2026/01/21-11:23:45.135104 48f8                       Options.enable_blob_files: false
2026/01/21-11:23:45.135106 48f8                           Options.min_blob_size: 0
2026/01/21-11:23:45.135108 48f8                          Options.blob_file_size: 268435456
2026/01/21-11:23:45.135111 48f8                   Options.blob_compression_type: NoCompression
2026/01/21-11:23:45.135113 48f8          Options.enable_blob_garbage_collection: false
2026/01/21-11:23:45.135115 48f8      Options.blob_garbage_collection_age_cutoff: 0.250000
2026/01/21-11:23:45.135119 48f8 Options.blob_garbage_collection_force_threshold: 1.000000
2026/01/21-11:23:45.135121 48f8          Options.blob_compaction_readahead_size: 0
2026/01/21-11:23:45.135124 48f8                Options.blob_file_starting_level: 0
2026/01/21-11:23:45.135126 48f8 Options.experimental_mempurge_threshold: 0.000000
2026/01/21-11:23:45.135188 48f8 [db/column_family.cc:621] --------------- Options for column family [transactions]:
2026/01/21-11:23:45.135192 48f8               Options.comparator: leveldb.BytewiseComparator
2026/01/21-11:23:45.135195 48f8           Options.merge_operator: None
2026/01/21-11:23:45.135199 48f8        Options.compaction_filter: None
2026/01/21-11:23:45.135203 48f8        Options.compaction_filter_factory: None
2026/01/21-11:23:45.135205 48f8  Options.sst_partitioner_factory: None
2026/01/21-11:23:45.135207 48f8         Options.memtable_factory: SkipListFactory
2026/01/21-11:23:45.135210 48f8            Options.table_factory: BlockBasedTable
2026/01/21-11:23:45.135227 48f8            table_factory options:   flush_block_policy_factory: FlushBlockBySizePolicyFactory (000002751BF50D90)
  cache_index_and_filter_blocks: 0
  cache_index_and_filter_blocks_with_high_priority: 1
  pin_l0_filter_and_index_blocks_in_cache: 0
  pin_top_level_index_and_filter: 1
  index_type: 0
  data_block_index_type: 0
  index_shortening: 1
  data_block_hash_table_util_ratio: 0.750000
  checksum: 4
  no_block_cache: 0
  block_cache: 000002751BF50FE0
  block_cache_name: LRUCache
  block_cache_options:
    capacity : 8388608
    num_shard_bits : 4
    strict_capacity_limit : 0
    memory_allocator : None
    high_pri_pool_ratio: 0.000
    low_pri_pool_ratio: 0.000
  persistent_cache: 0000000000000000
  block_size: 4096
  block_size_deviation: 10
  block_restart_interval: 16
  index_block_restart_interval: 1
  metadata_block_size: 4096
  partition_filters: 0
  use_delta_encoding: 1
  filter_policy: nullptr
  whole_key_filtering: 1
  verify_compression: 0
  read_amp_bytes_per_bit: 0
  format_version: 5
  enable_index_compression: 1
  block_align: 0
  max_auto_readahead_size: 262144
  prepopulate_block_cache: 0
  initial_auto_readahead_size: 8192
  num_file_reads_for_auto_readahead: 2
2026/01/21-11:23:45.135233 48f8        Options.write_buffer_size: 67108864
2026/01/21-11:23:45.135236 48f8  Options.max_write_buffer_number: 2
2026/01/21-11:23:45.135238 48f8          Options.compression: Snappy
2026/01/21-11:23:45.135240 48f8                  Options.bottommost_compression: Disabled
2026/01/21-11:23:45.135242 48f8       Options.prefix_extractor: nullptr
2026/01/21-11:23:45.135244 48f8   Options.memtable_insert_with_hint_prefix_extractor: nullptr
2026/01/21-11:23:45.135246 48f8             Options.num_levels: 7
2026/01/21-11:23:45.135248 48f8        Options.min_write_buffer_number_to_merge: 1
2026/01/21-11:23:45.135251 48f8     Options.max_write_buffer_number_to_maintain: 0
2026/01/21-11:23:45.135253 48f8     Options.max_write_buffer_size_to_maintain: 0
2026/01/21-11:23:45.135255 48f8            Options.bottommost_compression_opts.window_bits: -14
2026/01/21-11:23:45.135257 48f8                  Options.bottommost_compression_opts.level: 32767
2026/01/21-11:23:45.135259 48f8               Options.bottommost_compression_opts.strategy: 0
2026/01/21-11:23:45.135262 48f8         Options.bottommost_compression_opts.max_dict_bytes: 0
2026/01/21-11:23:45.135264 48f8         Options.bottommost_compression_opts.zstd_max_train_bytes: 0
2026/01/21-11:23:45.135266 48f8         Options.bottommost_compression_opts.parallel_threads: 1
2026/01/21-11:23:45.135268 48f8                  Options.bottommost_compression_opts.enabled: false
